1056	0.000632198809590194085901437848207251590793021023273468017578
1054	0.000629155712860398697375274856824489688733592629432678222656
1536	0.000523910339752708324560781516510132860275916755199432373047
171	0.000511622470602038446202408650265169853810220956802368164062
453	0.000495658647669969688182023404010578815359622240066528320312
407	0.000484844199639026889568638178928949855617247521877288818359
263	0.000479619289318484022868749327983550756471231579780578613281
4664	0.000470497551407437618765233766637834378343541175127029418945
261	0.000462891586568901845614998347144819490495137870311737060547
410	0.000461510038290427189282272291137587671983055770397186279297
